image_width: 2592
image_height: 2048
camera_name: /other_camera
camera_matrix:
  rows: 3
  cols: 3
  data: [2637.281400, 0.000000, 1303.562370, 0.000000, 2638.652523, 1061.192264, 0.000000, 0.000000, 1.000000]
distortion_model: plumb_bob
distortion_coefficients:
  rows: 1
  cols: 5
  data: [-0.070161, 0.061698, 0.002045, 0.001976, 0.000000]
rectification_matrix:
  rows: 3
  cols: 3
  data: [1.000000, 0.000000, 0.000000, 0.000000, 1.000000, 0.000000, 0.000000, 0.000000, 1.000000]
projection_matrix:
  rows: 3
  cols: 4
  data: [2601.417480, 0.000000, 1307.707218, 0.000000, 0.000000, 2613.461182, 1064.311938, 0.000000, 0.000000, 0.000000, 1.000000, 0.000000]
